0.516001857142857
0.278468999999999
0.514654214285713
0.279299285714283
0.497859142857144
0.283537999999999
0.503941714285711
0.280394714285713
0.523486785714285
0.274814571428571
0.515449785714283
0.27818064285714
0.500114785714286
0.28339164285714
0.498718857142856
0.282487714285713
0.491978357142858
0.281296142857141
0.497650357142861
0.282089214285713
0.478334642857144
0.280359642857142
0.477372357142858
0.2824385
0.505177499999999
0.281686214285712
0.500117857142857
0.283648428571426
0.446011071428571
0.260205285714286
0.487388999999999
0.278759999999999
